D: match strs
    regularStr = 前135679不6
        Sscbean id=1 下注数据
    count 6 locla=[[1][2]]
           1[1][3] [1][5] [1][6] [1][7] [1][9] [3][1] [3][5] [3][6] [3][7] [3][9] 
           2[5][1] [5][3] [5][6] [5][7] [5][9] [6][1] [6][3] [6][5] [6][7] [6][9] 
           3[7][1] [7][3] [7][5] [7][6] [7][9] [9][1] [9][3] [9][5] [9][6] [9][7] 
     
D: ssc logpath = /storage/sdcard/ssclog.txt
D: ---------------------------------------------------
    message = 前135679不6下注：前135679不6
    ------------------------------------------------
    regularStr = 后235689不6
        Sscbean id=2 下注数据
    count 6 locla=[[4][5]]
           1[2][3] [2][5] [2][6] [2][8] [2][9] [3][2] [3][5] [3][6] [3][8] [3][9] 
           2[5][2] [5][3] [5][6] [5][8] [5][9] [6][2] [6][3] [6][5] [6][8] [6][9] 
           3[8][2] [8][3] [8][5] [8][6] [8][9] [9][2] [9][3] [9][5] [9][6] [9][8] 
     
    ---------------------------------------------------
    message = 后235689不6下注：后235689不6
    ------------------------------------------------
    regularStr = 前23456790无60
D:     Sscbean id=3 下注数据
    count 60 locla=[[1][2]]
           1[2][3] [2][4] [2][5] [2][6] [2][7] [2][9] [2][0] [3][2] [3][4] [3][5] 
           2[3][6] [3][7] [3][9] [3][0] [4][2] [4][3] [4][5] [4][6] [4][7] [4][9] 
           3[4][0] [5][2] [5][3] [5][4] [5][6] [5][7] [5][9] [5][0] [6][2] [6][3] 
           4[6][4] [6][5] [6][7] [6][9] [6][0] [7][2] [7][3] [7][4] [7][5] [7][6] 
           5[7][9] [7][0] [9][2] [9][3] [9][4] [9][5] [9][6] [9][7] [9][0] [0][2] 
           6[0][3] [0][4] [0][5] [0][6] [0][7] [0][9] 
     
    ---------------------------------------------------
    message = 前23456790无60下注：前23456790无60
    ------------------------------------------------
    regularStr = 前01479不5
D:     Sscbean id=4 下注数据
    count 5 locla=[[1][2]]
           1[0][1] [0][4] [0][7] [0][9] [1][0] [1][4] [1][7] [1][9] [4][0] [4][1] 
           2[4][7] [4][9] [7][0] [7][1] [7][4] [7][9] [9][0] [9][1] [9][4] [9][7] 
     
    ---------------------------------------------------
    message = 前01479不5下注：前01479不5
    ------------------------------------------------
    regularStr = 前23456789不10
        Sscbean id=5 下注数据
    count 10 locla=[[1][2]]
           1[2][3] [2][4] [2][5] [2][6] [2][7] [2][8] [2][9] [3][2] [3][4] [3][5] 
           2[3][6] [3][7] [3][8] [3][9] [4][2] [4][3] [4][5] [4][6] [4][7] [4][8] 
           3[4][9] [5][2] [5][3] [5][4] [5][6] [5][7] [5][8] [5][9] [6][2] [6][3] 
           4[6][4] [6][5] [6][7] [6][8] [6][9] [7][2] [7][3] [7][4] [7][5] [7][6] 
           5[7][8] [7][9] [8][2] [8][3] [8][4] [8][5] [8][6] [8][7] [8][9] [9][2] 
           6[9][3] [9][4] [9][5] [9][6] [9][7] [9][8] 
     
    ---------------------------------------------------
    message = 前23456789不10下注：前23456789不10
    ------------------------------------------------
    regularStr = 456789后去5
        Sscbean id=6 下注数据
    count 5 locla=[[4][5]]
           1[4][5] [4][6] [4][7] [4][8] [4][9] [5][4] [5][6] [5][7] [5][8] [5][9] 
           2[6][4] [6][5] [6][7] [6][8] [6][9] [7][4] [7][5] [7][6] [7][8] [7][9] 
           3[8][4] [8][5] [8][6] [8][7] [8][9] [9][4] [9][5] [9][6] [9][7] [9][8] 
     
    ---------------------------------------------------
    message = 456789后去5下注：456789后去5
    ------------------------------------------------
    regularStr = 前134670不6
        Sscbean id=7 下注数据
    count 6 locla=[[1][2]]
           1[1][3] [1][4] [1][6] [1][7] [1][0] [3][1] [3][4] [3][6] [3][7] [3][0] 
           2[4][1] [4][3] [4][6] [4][7] [4][0] [6][1] [6][3] [6][4] [6][7] [6][0] 
           3[7][1] [7][3] [7][4] [7][6] [7][0] [0][1] [0][3] [0][4] [0][6] [0][7] 
     
    ---------------------------------------------------
    message = 前134670不6下注：前134670不6
    ------------------------------------------------
    regularStr = 2345678前排2
        Sscbean id=8 下注数据
    count 2 locla=[[1][2]]
           1[2][3] [2][4] [2][5] [2][6] [2][7] [2][8] [3][2] [3][4] [3][5] [3][6] 
           2[3][7] [3][8] [4][2] [4][3] [4][5] [4][6] [4][7] [4][8] [5][2] [5][3] 
           3[5][4] [5][6] [5][7] [5][8] [6][2] [6][3] [6][4] [6][5] [6][7] [6][8] 
           4[7][2] [7][3] [7][4] [7][5] [7][6] [7][8] [8][2] [8][3] [8][4] [8][5] 
           5[8][6] [8][7] 
     
    ---------------------------------------------------
    message = 2345678前排2下注：2345678前排2
    ------------------------------------------------
    regularStr = 23456789不从10
        Sscbean id=9 下注数据
    count 10 locla=[[4][5]]
           1[2][3] [2][4] [2][5] [2][6] [2][7] [2][8] [2][9] [3][2] [3][4] [3][5] 
           2[3][6] [3][7] [3][8] [3][9] [4][2] [4][3] [4][5] [4][6] [4][7] [4][8] 
           3[4][9] [5][2] [5][3] [5][4] [5][6] [5][7] [5][8] [5][9] [6][2] [6][3] 
           4[6][4] [6][5] [6][7] [6][8] [6][9] [7][2] [7][3] [7][4] [7][5] [7][6] 
           5[7][8] [7][9] [8][2] [8][3] [8][4] [8][5] [8][6] [8][7] [8][9] [9][2] 
           6[9][3] [9][4] [9][5] [9][6] [9][7] [9][8] 
     
    ---------------------------------------------------
    message = 23456789不从10下注：23456789不从10
    ------------------------------------------------
    regularStr = 1234567后去重4
        Sscbean id=10 下注数据
    count 4 locla=[[4][5]]
           1[1][2] [1][3] [1][4] [1][5] [1][6] [1][7] [2][1] [2][3] [2][4] [2][5] 
           2[2][6] [2][7] [3][1] [3][2] [3][4] [3][5] [3][6] [3][7] [4][1] [4][2] 
           3[4][3] [4][5] [4][6] [4][7] [5][1] [5][2] [5][3] [5][4] [5][6] [5][7] 
           4[6][1] [6][2] [6][3] [6][4] [6][5] [6][7] [7][1] [7][2] [7][3] [7][4] 
           5[7][5] [7][6] 
     
    ---------------------------------------------------
    message = 1234567后去重4下注：1234567后去重4
    ------------------------------------------------
    regularStr = 1457不3
        Sscbean id=11 下注数据
    count 3 locla=[[4][5]]
           1[1][4] [1][5] [1][7] [4][1] [4][5] [4][7] [5][1] [5][4] [5][7] [7][1] 
           2[7][4] [7][5] 
     
    ---------------------------------------------------
    message = 1457不3下注：1457不3
    ------------------------------------------------
    regularStr = 前134670不6
        Sscbean id=12 下注数据
    count 6 locla=[[1][2]]
           1[1][3] [1][4] [1][6] [1][7] [1][0] [3][1] [3][4] [3][6] [3][7] [3][0] 
           2[4][1] [4][3] [4][6] [4][7] [4][0] [6][1] [6][3] [6][4] [6][7] [6][0] 
           3[7][1] [7][3] [7][4] [7][6] [7][0] [0][1] [0][3] [0][4] [0][6] [0][7] 
     
    ---------------------------------------------------
    message = 前134670不6下注：前134670不6
    ------------------------------------------------
D: regularStr = 23567890无80
        Sscbean id=13 下注数据
    count 80 locla=[[4][5]]
           1[2][3] [2][5] [2][6] [2][7] [2][8] [2][9] [2][0] [3][2] [3][5] [3][6] 
           2[3][7] [3][8] [3][9] [3][0] [5][2] [5][3] [5][6] [5][7] [5][8] [5][9] 
           3[5][0] [6][2] [6][3] [6][5] [6][7] [6][8] [6][9] [6][0] [7][2] [7][3] 
           4[7][5] [7][6] [7][8] [7][9] [7][0] [8][2] [8][3] [8][5] [8][6] [8][7] 
           5[8][9] [8][0] [9][2] [9][3] [9][5] [9][6] [9][7] [9][8] [9][0] [0][2] 
           6[0][3] [0][5] [0][6] [0][7] [0][8] [0][9] 
     
    ---------------------------------------------------
    message = 23567890无80下注：23567890无80
    ------------------------------------------------
    regularStr = 234560各2
        Sscbean id=14 下注数据
    count 2 locla=[[4][5]]
           1[2][2] [2][3] [2][4] [2][5] [2][6] [2][0] [3][2] [3][3] [3][4] [3][5] 
           2[3][6] [3][0] [4][2] [4][3] [4][4] [4][5] [4][6] [4][0] [5][2] [5][3] 
           3[5][4] [5][5] [5][6] [5][0] [6][2] [6][3] [6][4] [6][5] [6][6] [6][0] 
           4[0][2] [0][3] [0][4] [0][5] [0][6] [0][0] 
     
    ---------------------------------------------------
    message = 234560各2下注：234560各2
    ------------------------------------------------
    regularStr = 2467890不20
        Sscbean id=15 下注数据
    count 20 locla=[[4][5]]
           1[2][4] [2][6] [2][7] [2][8] [2][9] [2][0] [4][2] [4][6] [4][7] [4][8] 
           2[4][9] [4][0] [6][2] [6][4] [6][7] [6][8] [6][9] [6][0] [7][2] [7][4] 
           3[7][6] [7][8] [7][9] [7][0] [8][2] [8][4] [8][6] [8][7] [8][9] [8][0] 
           4[9][2] [9][4] [9][6] [9][7] [9][8] [9][0] [0][2] [0][4] [0][6] [0][7] 
           5[0][8] [0][9] 
     
    ---------------------------------------------------
    message = 2467890不20下注：2467890不20
    ------------------------------------------------
    match str2
    regularStr = 前1234678-1235678各4
        Sscbean id=16 下注数据
    count 4 locla=[[1][2]]
           1[1][1] [1][2] [1][3] [1][5] [1][6] [1][7] [1][8] [2][1] [2][2] [2][3] 
           2[2][5] [2][6] [2][7] [2][8] [3][1] [3][2] [3][3] [3][5] [3][6] [3][7] 
           3[3][8] [4][1] [4][2] [4][3] [4][5] [4][6] [4][7] [4][8] [6][1] [6][2] 
           4[6][3] [6][5] [6][6] [6][7] [6][8] [7][1] [7][2] [7][3] [7][5] [7][6] 
           5[7][7] [7][8] [8][1] [8][2] [8][3] [8][5] [8][6] [8][7] [8][8] 
     
    ---------------------------------------------------
    message = 前1234678-1235678各4下注：前1234678-1235678各4
    ------------------------------------------------
    regularStr = 后0135678-1234578各3
        Sscbean id=17 下注数据
    count 3 locla=[[4][5]]
           1[0][1] [0][2] [0][3] [0][4] [0][5] [0][7] [0][8] [1][1] [1][2] [1][3] 
           2[1][4] [1][5] [1][7] [1][8] [3][1] [3][2] [3][3] [3][4] [3][5] [3][7] 
           3[3][8] [5][1] [5][2] [5][3] [5][4] [5][5] [5][7] [5][8] [6][1] [6][2] 
           4[6][3] [6][4] [6][5] [6][7] [6][8] [7][1] [7][2] [7][3] [7][4] [7][5] 
           5[7][7] [7][8] [8][1] [8][2] [8][3] [8][4] [8][5] [8][7] [8][8] 
     
    ---------------------------------------------------
    message = 后0135678-1234578各3下注：后0135678-1234578各3
    ------------------------------------------------
    regularStr = 34567-45678-5前排
        Sscbean id=18 下注数据
    count 5 locla=[[1][2]]
           1[3][4] [3][5] [3][6] [3][7] [3][8] [4][5] [4][6] [4][7] [4][8] [5][4] 
           2[5][6] [5][7] [5][8] [6][4] [6][5] [6][7] [6][8] [7][4] [7][5] [7][6] 
           3[7][8] 
     
    ---------------------------------------------------
    message = 34567-45678-5前排下注：34567-45678-5前排
    ------------------------------------------------
    regularStr = 34567-45678-5后排
        Sscbean id=19 下注数据
    count 5 locla=[[4][5]]
           1[3][4] [3][5] [3][6] [3][7] [3][8] [4][5] [4][6] [4][7] [4][8] [5][4] 
           2[5][6] [5][7] [5][8] [6][4] [6][5] [6][7] [6][8] [7][4] [7][5] [7][6] 
           3[7][8] 
     
    ---------------------------------------------------
    message = 34567-45678-5后排下注：34567-45678-5后排
    ------------------------------------------------
    regularStr = 0124567一1345678前5
        Sscbean id=20 下注数据
    count 5 locla=[[1][2]]
           1[0][1] [0][3] [0][4] [0][5] [0][6] [0][7] [0][8] [1][1] [1][3] [1][4] 
           2[1][5] [1][6] [1][7] [1][8] [2][1] [2][3] [2][4] [2][5] [2][6] [2][7] 
           3[2][8] [4][1] [4][3] [4][4] [4][5] [4][6] [4][7] [4][8] [5][1] [5][3] 
           4[5][4] [5][5] [5][6] [5][7] [5][8] [6][1] [6][3] [6][4] [6][5] [6][6] 
           5[6][7] [6][8] [7][1] [7][3] [7][4] [7][5] [7][6] [7][7] [7][8] 
     
    ---------------------------------------------------
    message = 0124567一1345678前5下注：0124567一1345678前5
    ------------------------------------------------
    regularStr = 34567-45678-5前后排
        Sscbean id=21 下注数据
    count 5 locla=[[1][2][4][5]]
           1[3][4] [3][5] [3][6] [3][7] [3][8] [4][5] [4][6] [4][7] [4][8] [5][4] 
           2[5][6] [5][7] [5][8] [6][4] [6][5] [6][7] [6][8] [7][4] [7][5] [7][6] 
           3[7][8] 
     
    ---------------------------------------------------
    message = 34567-45678-5前后排下注：34567-45678-5前后排
    ------------------------------------------------
    regularStr = 前1234678～1345678各8
        Sscbean id=22 下注数据
    count 8 locla=[[1][2]]
           1[1][1] [1][3] [1][4] [1][5] [1][6] [1][7] [1][8] [2][1] [2][3] [2][4] 
           2[2][5] [2][6] [2][7] [2][8] [3][1] [3][3] [3][4] [3][5] [3][6] [3][7] 
           3[3][8] [4][1] [4][3] [4][4] [4][5] [4][6] [4][7] [4][8] [6][1] [6][3] 
           4[6][4] [6][5] [6][6] [6][7] [6][8] [7][1] [7][3] [7][4] [7][5] [7][6] 
           5[7][7] [7][8] [8][1] [8][3] [8][4] [8][5] [8][6] [8][7] [8][8] 
     
    ---------------------------------------------------
    message = 前1234678～1345678各8下注：前1234678～1345678各8
    ------------------------------------------------
    regularStr = 0124567一1345678前5
        Sscbean id=23 下注数据
    count 5 locla=[[1][2]]
           1[0][1] [0][3] [0][4] [0][5] [0][6] [0][7] [0][8] [1][1] [1][3] [1][4] 
           2[1][5] [1][6] [1][7] [1][8] [2][1] [2][3] [2][4] [2][5] [2][6] [2][7] 
           3[2][8] [4][1] [4][3] [4][4] [4][5] [4][6] [4][7] [4][8] [5][1] [5][3] 
           4[5][4] [5][5] [5][6] [5][7] [5][8] [6][1] [6][3] [6][4] [6][5] [6][6] 
           5[6][7] [6][8] [7][1] [7][3] [7][4] [7][5] [7][6] [7][7] [7][8] 
     
    ---------------------------------------------------
    message = 0124567一1345678前5下注：0124567一1345678前5
    ------------------------------------------------
    regularStr = 前1234678～1345678各8
D:     Sscbean id=24 下注数据
    count 8 locla=[[1][2]]
           1[1][1] [1][3] [1][4] [1][5] [1][6] [1][7] [1][8] [2][1] [2][3] [2][4] 
           2[2][5] [2][6] [2][7] [2][8] [3][1] [3][3] [3][4] [3][5] [3][6] [3][7] 
           3[3][8] [4][1] [4][3] [4][4] [4][5] [4][6] [4][7] [4][8] [6][1] [6][3] 
           4[6][4] [6][5] [6][6] [6][7] [6][8] [7][1] [7][3] [7][4] [7][5] [7][6] 
           5[7][7] [7][8] [8][1] [8][3] [8][4] [8][5] [8][6] [8][7] [8][8] 
     
    ---------------------------------------------------
    message = 前1234678～1345678各8下注：前1234678～1345678各8
    ------------------------------------------------
    regularStr = 0124567一1345678前5
        Sscbean id=25 下注数据
    count 5 locla=[[1][2]]
           1[0][1] [0][3] [0][4] [0][5] [0][6] [0][7] [0][8] [1][1] [1][3] [1][4] 
           2[1][5] [1][6] [1][7] [1][8] [2][1] [2][3] [2][4] [2][5] [2][6] [2][7] 
           3[2][8] [4][1] [4][3] [4][4] [4][5] [4][6] [4][7] [4][8] [5][1] [5][3] 
           4[5][4] [5][5] [5][6] [5][7] [5][8] [6][1] [6][3] [6][4] [6][5] [6][6] 
           5[6][7] [6][8] [7][1] [7][3] [7][4] [7][5] [7][6] [7][7] [7][8] 
     
    ---------------------------------------------------
    message = 0124567一1345678前5下注：0124567一1345678前5
    ------------------------------------------------
    regularStr = 34567-1234567不2
        Sscbean id=26 下注数据
    count 2 locla=[[4][5]]
           1[3][1] [3][2] [3][4] [3][5] [3][6] [3][7] [4][1] [4][2] [4][3] [4][5] 
           2[4][6] [4][7] [5][1] [5][2] [5][3] [5][4] [5][6] [5][7] [6][1] [6][2] 
           3[6][3] [6][4] [6][5] [6][7] [7][1] [7][2] [7][3] [7][4] [7][5] [7][6] 
     
    ---------------------------------------------------
    message = 34567-1234567不2下注：34567-1234567不2
    ------------------------------------------------
    regularStr = 4-357前10
        Sscbean id=27 下注数据
    count 10 locla=[[1][2]]
           1[4][3] [4][5] [4][7] 
     
    ---------------------------------------------------
    message = 4-357前10下注：4-357前10
    ------------------------------------------------
    regularStr = 后27一0258147＝5
D:     Sscbean id=28 下注数据
    count 5 locla=[[4][5]]
           1[2][0] [2][2] [2][5] [2][8] [2][1] [2][4] [2][7] [7][0] [7][2] [7][5] 
           2[7][8] [7][1] [7][4] [7][7] 
     
    ---------------------------------------------------
    message = 后27一0258147＝5下注：后27一0258147＝5
    ------------------------------------------------
    regularStr = 后27一0258147＝5
        Sscbean id=29 下注数据
    count 5 locla=[[4][5]]
           1[2][0] [2][2] [2][5] [2][8] [2][1] [2][4] [2][7] [7][0] [7][2] [7][5] 
           2[7][8] [7][1] [7][4] [7][7] 
     
    ---------------------------------------------------
    message = 后27一0258147＝5下注：后27一0258147＝5
    ------------------------------------------------
    regularStr = 245678-234567不从5
        Sscbean id=30 下注数据
    count 5 locla=[[4][5]]
           1[2][3] [2][4] [2][5] [2][6] [2][7] [4][2] [4][3] [4][5] [4][6] [4][7] 
           2[5][2] [5][3] [5][4] [5][6] [5][7] [6][2] [6][3] [6][4] [6][5] [6][7] 
           3[7][2] [7][3] [7][4] [7][5] [7][6] [8][2] [8][3] [8][4] [8][5] [8][6] 
           4[8][7] 
     
    ---------------------------------------------------
    message = 245678-234567不从5下注：245678-234567不从5
    ------------------------------------------------
    regularStr = 36974-09637前1
        Sscbean id=31 下注数据
    count 1 locla=[[1][2]]
           1[3][0] [3][9] [3][6] [3][3] [3][7] [6][0] [6][9] [6][6] [6][3] [6][7] 
           2[9][0] [9][9] [9][6] [9][3] [9][7] [7][0] [7][9] [7][6] [7][3] [7][7] 
           3[4][0] [4][9] [4][6] [4][3] [4][7] 
     
    ---------------------------------------------------
    message = 36974-09637前1下注：36974-09637前1
    ------------------------------------------------
    regularStr = 后27一0258147＝5
        Sscbean id=32 下注数据
    count 5 locla=[[4][5]]
           1[2][0] [2][2] [2][5] [2][8] [2][1] [2][4] [2][7] [7][0] [7][2] [7][5] 
           2[7][8] [7][1] [7][4] [7][7] 
     
    ---------------------------------------------------
    message = 后27一0258147＝5下注：后27一0258147＝5
    ------------------------------------------------
    regularStr = 后57-37不20
        Sscbean id=33 下注数据
    count 20 locla=[[4][5]]
           1[5][3] [5][7] [7][3] 
     
    ---------------------------------------------------
    message = 后57-37不20下注：后57-37不20
    ------------------------------------------------
    match str3
    regularStr = 后全头24578尾3
        Sscbean id=34 下注数据
    count 3 locla=[[4][5]]
           1[0][2] [0][4] [0][5] [0][7] [0][8] [1][2] [1][4] [1][5] [1][7] [1][8] 
           2[2][2] [2][4] [2][5] [2][7] [2][8] [3][2] [3][4] [3][5] [3][7] [3][8] 
           3[4][2] [4][4] [4][5] [4][7] [4][8] [5][2] [5][4] [5][5] [5][7] [5][8] 
           4[6][2] [6][4] [6][5] [6][7] [6][8] [7][2] [7][4] [7][5] [7][7] [7][8] 
           5[8][2] [8][4] [8][5] [8][7] [8][8] [9][2] [9][4] [9][5] [9][7] [9][8] 
     
    ---------------------------------------------------
    message = 后全头24578尾3下注：后全头24578尾3
    ------------------------------------------------
    regularStr = 后全头13458尾5
        Sscbean id=35 下注数据
    count 5 locla=[[4][5]]
           1[0][1] [0][3] [0][4] [0][5] [0][8] [1][1] [1][3] [1][4] [1][5] [1][8] 
           2[2][1] [2][3] [2][4] [2][5] [2][8] [3][1] [3][3] [3][4] [3][5] [3][8] 
           3[4][1] [4][3] [4][4] [4][5] [4][8] [5][1] [5][3] [5][4] [5][5] [5][8] 
           4[6][1] [6][3] [6][4] [6][5] [6][8] [7][1] [7][3] [7][4] [7][5] [7][8] 
           5[8][1] [8][3] [8][4] [8][5] [8][8] [9][1] [9][3] [9][4] [9][5] [9][8] 
     
    ---------------------------------------------------
    message = 后全头13458尾5下注：后全头13458尾5
    ------------------------------------------------
    regularStr = 后全头458尾3
        Sscbean id=36 下注数据
    count 3 locla=[[4][5]]
           1[0][4] [0][5] [0][8] [1][4] [1][5] [1][8] [2][4] [2][5] [2][8] [3][4] 
           2[3][5] [3][8] [4][4] [4][5] [4][8] [5][4] [5][5] [5][8] [6][4] [6][5] 
           3[6][8] [7][4] [7][5] [7][8] [8][4] [8][5] [8][8] [9][4] [9][5] [9][8] 
     
    ---------------------------------------------------
    message = 后全头458尾3下注：后全头458尾3
    ------------------------------------------------
    regularStr = 后全头24578尾10
        Sscbean id=37 下注数据
    count 10 locla=[[4][5]]
           1[0][2] [0][4] [0][5] [0][7] [0][8] [1][2] [1][4] [1][5] [1][7] [1][8] 
           2[2][2] [2][4] [2][5] [2][7] [2][8] [3][2] [3][4] [3][5] [3][7] [3][8] 
           3[4][2] [4][4] [4][5] [4][7] [4][8] [5][2] [5][4] [5][5] [5][7] [5][8] 
           4[6][2] [6][4] [6][5] [6][7] [6][8] [7][2] [7][4] [7][5] [7][7] [7][8] 
           5[8][2] [8][4] [8][5] [8][7] [8][8] [9][2] [9][4] [9][5] [9][7] [9][8] 
     
    ---------------------------------------------------
    message = 后全头24578尾10下注：后全头24578尾10
    ------------------------------------------------
    regularStr = 后全头8尾5
        Sscbean id=38 下注数据
    count 5 locla=[[4][5]]
           1[0][8] [1][8] [2][8] [3][8] [4][8] [5][8] [6][8] [7][8] [8][8] [9][8] 
     
    ---------------------------------------------------
    message = 后全头8尾5下注：后全头8尾5
    ------------------------------------------------
    regularStr = 后全头24578尾10
        Sscbean id=39 下注数据
    count 10 locla=[[4][5]]
           1[0][2] [0][4] [0][5] [0][7] [0][8] [1][2] [1][4] [1][5] [1][7] [1][8] 
           2[2][2] [2][4] [2][5] [2][7] [2][8] [3][2] [3][4] [3][5] [3][7] [3][8] 
           3[4][2] [4][4] [4][5] [4][7] [4][8] [5][2] [5][4] [5][5] [5][7] [5][8] 
           4[6][2] [6][4] [6][5] [6][7] [6][8] [7][2] [7][4] [7][5] [7][7] [7][8] 
           5[8][2] [8][4] [8][5] [8][7] [8][8] [9][2] [9][4] [9][5] [9][7] [9][8] 
     
    ---------------------------------------------------
    message = 后全头24578尾10下注：后全头24578尾10
    ------------------------------------------------
    regularStr = 后全头8尾5
        Sscbean id=40 下注数据
    count 5 locla=[[4][5]]
           1[0][8] [1][8] [2][8] [3][8] [4][8] [5][8] [6][8] [7][8] [8][8] [9][8] 
     
    ---------------------------------------------------
    message = 后全头8尾5下注：后全头8尾5
    ------------------------------------------------
    regularStr = 后全头14578尾2
D:     Sscbean id=41 下注数据
    count 2 locla=[[4][5]]
           1[0][1] [0][4] [0][5] [0][7] [0][8] [1][1] [1][4] [1][5] [1][7] [1][8] 
           2[2][1] [2][4] [2][5] [2][7] [2][8] [3][1] [3][4] [3][5] [3][7] [3][8] 
           3[4][1] [4][4] [4][5] [4][7] [4][8] [5][1] [5][4] [5][5] [5][7] [5][8] 
           4[6][1] [6][4] [6][5] [6][7] [6][8] [7][1] [7][4] [7][5] [7][7] [7][8] 
           5[8][1] [8][4] [8][5] [8][7] [8][8] [9][1] [9][4] [9][5] [9][7] [9][8] 
     
    ---------------------------------------------------
    message = 后全头14578尾2下注：后全头14578尾2
    ------------------------------------------------
    regularStr = 56789-全各15
        Sscbean id=42 下注数据
    count 15 locla=[[4][5]]
           1[5][0] [5][1] [5][2] [5][3] [5][4] [5][5] [5][6] [5][7] [5][8] [5][9] 
           2[6][0] [6][1] [6][2] [6][3] [6][4] [6][5] [6][6] [6][7] [6][8] [6][9] 
           3[7][0] [7][1] [7][2] [7][3] [7][4] [7][5] [7][6] [7][7] [7][8] [7][9] 
           4[8][0] [8][1] [8][2] [8][3] [8][4] [8][5] [8][6] [8][7] [8][8] [8][9] 
           5[9][0] [9][1] [9][2] [9][3] [9][4] [9][5] [9][6] [9][7] [9][8] [9][9] 
     
    ---------------------------------------------------
    message = 56789-全各15下注：56789-全各15
    ------------------------------------------------
    match str4
    regularStr = 前9-9/10
        Sscbean id=43 下注数据
    count 10 locla=[[1][2]]
           1[9][9] 
     
    ---------------------------------------------------
    message = 前9-9/10下注：前9-9/10
    ------------------------------------------------
    regularStr = 24-7前30
        Sscbean id=44 下注数据
    count 30 locla=[[1][2]]
           1[2][7] [4][7] 
     
    ---------------------------------------------------
    message = 24-7前30下注：24-7前30
    ------------------------------------------------
    regularStr = 34567-45678-5前后排
        Sscbean id=45 下注数据
    count 5 locla=[[1][2][4][5]]
           1[3][4] [3][5] [3][6] [3][7] [3][8] [4][5] [4][6] [4][7] [4][8] [5][4] 
           2[5][6] [5][7] [5][8] [6][4] [6][5] [6][7] [6][8] [7][4] [7][5] [7][6] 
           3[7][8] 
     
    ---------------------------------------------------
    message = 34567-45678-5前后排下注：34567-45678-5前后排
    ------------------------------------------------
    regularStr = 27-16各2后
        Sscbean id=46 下注数据
    count 2 locla=[[4][5]]
           1[2][1] [2][6] [7][1] [7][6] 
     
    ---------------------------------------------------
    message = 27-16各2后下注：27-16各2后
    ------------------------------------------------
    regularStr = 后6-3/10
        Sscbean id=47 下注数据
    count 10 locla=[[4][5]]
           1[6][3] 
     
    ---------------------------------------------------
    message = 后6-3/10下注：后6-3/10
    ------------------------------------------------
    regularStr = 47前22
        Sscbean id=48 下注数据
    count 22 locla=[[1][2]]
           1[4][4] [4][7] [7][4] [7][7] 
     
    ---------------------------------------------------
    message = 47前22下注：47前22
    ------------------------------------------------
    regularStr = 139/前10
        Sscbean id=49 下注数据
    count 10 locla=[[1][2]]
           1[1][1] [1][3] [1][9] [3][1] [3][3] [3][9] [9][1] [9][3] [9][9] 
     
    ---------------------------------------------------
    message = 139/前10下注：139/前10
    ------------------------------------------------
    regularStr = 139/前10
        Sscbean id=50 下注数据
    count 10 locla=[[1][2]]
           1[1][1] [1][3] [1][9] [3][1] [3][3] [3][9] [9][1] [9][3] [9][9] 
     
    ---------------------------------------------------
    message = 139/前10下注：139/前10
    ------------------------------------------------
    regularStr = 后3690/5
        Sscbean id=51 下注数据
    count 5 locla=[[4][5]]
           1[3][3] [3][6] [3][9] [3][0] [6][3] [6][6] [6][9] [6][0] [9][3] [9][6] 
           2[9][9] [9][0] [0][3] [0][6] [0][9] [0][0] 
     
    ---------------------------------------------------
    message = 后3690/5下注：后3690/5
    ------------------------------------------------
    regularStr = 前139/5
        Sscbean id=52 下注数据
    count 5 locla=[[1][2]]
           1[1][1] [1][3] [1][9] [3][1] [3][3] [3][9] [9][1] [9][3] [9][9] 
     
    ---------------------------------------------------
    message = 前139/5下注：前139/5
    ------------------------------------------------
    regularStr = 34位杀278去1
        Sscbean id=53 下注数据
    count 1 locla=[[3][4]]
           1[0][1] [0][3] [0][4] [0][5] [0][6] [0][9] [1][0] [1][3] [1][4] [1][5] 
           2[1][6] [1][9] [3][0] [3][1] [3][4] [3][5] [3][6] [3][9] [4][0] [4][1] 
           3[4][3] [4][5] [4][6] [4][9] [5][0] [5][1] [5][3] [5][4] [5][6] [5][9] 
           4[6][0] [6][1] [6][3] [6][4] [6][5] [6][9] [9][0] [9][1] [9][3] [9][4] 
           5[9][5] [9][6] 
     
    ---------------------------------------------------
    message = 34位杀278去1下注：34位杀278去1
    ------------------------------------------------
    regularStr = 12位杀278去1
        Sscbean id=54 下注数据
    count 1 locla=[[1][2]]
           1[0][1] [0][3] [0][4] [0][5] [0][6] [0][9] [1][0] [1][3] [1][4] [1][5] 
           2[1][6] [1][9] [3][0] [3][1] [3][4] [3][5] [3][6] [3][9] [4][0] [4][1] 
           3[4][3] [4][5] [4][6] [4][9] [5][0] [5][1] [5][3] [5][4] [5][6] [5][9] 
           4[6][0] [6][1] [6][3] [6][4] [6][5] [6][9] [9][0] [9][1] [9][3] [9][4] 
           5[9][5] [9][6] 
     
    ---------------------------------------------------
    message = 12位杀278去1下注：12位杀278去1
    ------------------------------------------------
    regularStr = 杀12全尾4
        Sscbean id=55 下注数据
    count 4 locla=[[4][5]]
           1[0][0] [0][1] [0][2] [0][3] [0][4] [0][5] [0][6] [0][7] [0][8] [0][9] 
           2[3][0] [3][1] [3][2] [3][3] [3][4] [3][5] [3][6] [3][7] [3][8] [3][9] 
           3[4][0] [4][1] [4][2] [4][3] [4][4] [4][5] [4][6] [4][7] [4][8] [4][9] 
           4[5][0] [5][1] [5][2] [5][3] [5][4] [5][5] [5][6] [5][7] [5][8] [5][9] 
           5[6][0] [6][1] [6][2] [6][3] [6][4] [6][5] [6][6] [6][7] [6][8] [6][9] 
           6[7][0] [7][1] [7][2] [7][3] [7][4] [7][5] [7][6] [7][7] [7][8] [7][9] 
           7[8][0] [8][1] [8][2] [8][3] [8][4] [8][5] [8][6] [8][7] [8][8] [8][9] 
           8[9][0] [9][1] [9][2] [9][3] [9][4] [9][5] [9][6] [9][7] [9][8] [9][9] 
     
    ---------------------------------------------------
    message = 杀12全尾4下注：杀12全尾4
    ------------------------------------------------
    regularStr = 全头杀12各4
        Sscbean id=56 下注数据
    count 4 locla=[[4][5]]
           1[0][0] [0][3] [0][4] [0][5] [0][6] [0][7] [0][8] [0][9] [1][0] [1][3] 
           2[1][4] [1][5] [1][6] [1][7] [1][8] [1][9] [2][0] [2][3] [2][4] [2][5] 
           3[2][6] [2][7] [2][8] [2][9] [3][0] [3][3] [3][4] [3][5] [3][6] [3][7] 
           4[3][8] [3][9] [4][0] [4][3] [4][4] [4][5] [4][6] [4][7] [4][8] [4][9] 
           5[5][0] [5][3] [5][4] [5][5] [5][6] [5][7] [5][8] [5][9] [6][0] [6][3] 
           6[6][4] [6][5] [6][6] [6][7] [6][8] [6][9] [7][0] [7][3] [7][4] [7][5] 
           7[7][6] [7][7] [7][8] [7][9] [8][0] [8][3] [8][4] [8][5] [8][6] [8][7] 
           8[8][8] [8][9] [9][0] [9][3] [9][4] [9][5] [9][6] [9][7] [9][8] [9][9] 
     
    ---------------------------------------------------
    message = 全头杀12各4下注：全头杀12各4
    ------------------------------------------------
    regularStr = 杀12-3456各4
        Sscbean id=57 下注数据
    count 4 locla=[[4][5]]
           1[0][3] [0][4] [0][5] [0][6] [3][3] [3][4] [3][5] [3][6] [4][3] [4][4] 
           2[4][5] [4][6] [5][3] [5][4] [5][5] [5][6] [6][3] [6][4] [6][5] [6][6] 
           3[7][3] [7][4] [7][5] [7][6] [8][3] [8][4] [8][5] [8][6] [9][3] [9][4] 
           4[9][5] [9][6] 
     
    ---------------------------------------------------
    message = 杀12-3456各4下注：杀12-3456各4
    ------------------------------------------------
    regularStr = 12321-杀12各4
        Sscbean id=58 下注数据
    count 4 locla=[[4][5]]
           1[1][0] [1][3] [1][4] [1][5] [1][6] [1][7] [1][8] [1][9] [2][0] [2][3] 
           2[2][4] [2][5] [2][6] [2][7] [2][8] [2][9] [3][0] [3][3] [3][4] [3][5] 
           3[3][6] [3][7] [3][8] [3][9] [2][0] [2][3] [2][4] [2][5] [2][6] [2][7] 
           4[2][8] [2][9] [1][0] [1][3] [1][4] [1][5] [1][6] [1][7] [1][8] [1][9] 
     
    ---------------------------------------------------
    message = 12321-杀12各4下注：12321-杀12各4
    ------------------------------------------------
    match str5
    regularStr = 5一02468后10
        Sscbean id=59 下注数据
    count 10 locla=[[4][5]]
           1[5][0] [5][2] [5][4] [5][6] [5][8] 
     
    ---------------------------------------------------
    message = 5一02468后10下注：5一02468后10
    ------------------------------------------------
D: regularStr = 369一369前后各5
D:     Sscbean id=60 下注数据
    count 5 locla=[[1][2][4][5]]
           1[3][3] [3][6] [3][9] [6][3] [6][6] [6][9] [9][3] [9][6] [9][9] 
     
    ---------------------------------------------------
    message = 369一369前后各5下注：369一369前后各5
    ------------------------------------------------
    regularStr = 全一02468后2
        Sscbean id=61 下注数据
    count 2 locla=[[4][5]]
           1[0][0] [0][2] [0][4] [0][6] [0][8] [1][0] [1][2] [1][4] [1][6] [1][8] 
           2[2][0] [2][2] [2][4] [2][6] [2][8] [3][0] [3][2] [3][4] [3][6] [3][8] 
           3[4][0] [4][2] [4][4] [4][6] [4][8] [5][0] [5][2] [5][4] [5][6] [5][8] 
           4[6][0] [6][2] [6][4] [6][6] [6][8] [7][0] [7][2] [7][4] [7][6] [7][8] 
           5[8][0] [8][2] [8][4] [8][6] [8][8] [9][0] [9][2] [9][4] [9][6] [9][8] 
     
    ---------------------------------------------------
    message = 全一02468后2下注：全一02468后2
    ------------------------------------------------
    regularStr = 13579一02468后2
        Sscbean id=62 下注数据
    count 2 locla=[[4][5]]
           1[1][0] [1][2] [1][4] [1][6] [1][8] [3][0] [3][2] [3][4] [3][6] [3][8] 
           2[5][0] [5][2] [5][4] [5][6] [5][8] [7][0] [7][2] [7][4] [7][6] [7][8] 
           3[9][0] [9][2] [9][4] [9][6] [9][8] 
     
    ---------------------------------------------------
    message = 13579一02468后2下注：13579一02468后2
    ------------------------------------------------
    regularStr = 1326479排一前
    格式不对
    ---------------------------------------------------
    message = 1326479排一前下注：1326479排一前
    ------------------------------------------------
    regularStr = 1345678前后排各2
        Sscbean id=64 下注数据
    count 2 locla=[[1][2][4][5]]
           1[1][3] [1][4] [1][5] [1][6] [1][7] [1][8] [3][1] [3][4] [3][5] [3][6] 
           2[3][7] [3][8] [4][1] [4][3] [4][5] [4][6] [4][7] [4][8] [5][1] [5][3] 
           3[5][4] [5][6] [5][7] [5][8] [6][1] [6][3] [6][4] [6][5] [6][7] [6][8] 
           4[7][1] [7][3] [7][4] [7][5] [7][6] [7][8] [8][1] [8][3] [8][4] [8][5] 
           5[8][6] [8][7] 
     
    ---------------------------------------------------
    message = 1345678前后排各2下注：1345678前后排各2
    ------------------------------------------------
    regularStr = 后全头13579尾各1
        Sscbean id=65 下注数据
    count 1 locla=[[4][5]]
           1[0][1] [0][3] [0][5] [0][7] [0][9] [1][1] [1][3] [1][5] [1][7] [1][9] 
           2[2][1] [2][3] [2][5] [2][7] [2][9] [3][1] [3][3] [3][5] [3][7] [3][9] 
           3[4][1] [4][3] [4][5] [4][7] [4][9] [5][1] [5][3] [5][5] [5][7] [5][9] 
           4[6][1] [6][3] [6][5] [6][7] [6][9] [7][1] [7][3] [7][5] [7][7] [7][9] 
           5[8][1] [8][3] [8][5] [8][7] [8][9] [9][1] [9][3] [9][5] [9][7] [9][9] 
     
    ---------------------------------------------------
    message = 后全头13579尾各1下注：后全头13579尾各1
    ------------------------------------------------
    regularStr = 2345678/2346789排10
        Sscbean id=66 下注数据
    count 10 locla=[[4][5]]
           1[2][3] [2][4] [2][6] [2][7] [2][8] [2][9] [3][2] [3][4] [3][6] [3][7] 
           2[3][8] [3][9] [4][2] [4][3] [4][6] [4][7] [4][8] [4][9] [5][2] [5][3] 
           3[5][4] [5][6] [5][7] [5][8] [5][9] [6][2] [6][3] [6][4] [6][7] [6][8] 
           4[6][9] [7][2] [7][3] [7][4] [7][6] [7][8] [7][9] [8][2] [8][3] [8][4] 
           5[8][6] [8][7] [8][9] 
     
    ---------------------------------------------------
    message = 2345678/2346789排10下注：2345678/2346789排10
    ------------------------------------------------
    regularStr = 0123479/1346789各40
        Sscbean id=67 下注数据
    count 40 locla=[[4][5]]
           1[0][1] [0][3] [0][4] [0][6] [0][7] [0][8] [0][9] [1][1] [1][3] [1][4] 
           2[1][6] [1][7] [1][8] [1][9] [2][1] [2][3] [2][4] [2][6] [2][7] [2][8] 
           3[2][9] [3][1] [3][3] [3][4] [3][6] [3][7] [3][8] [3][9] [4][1] [4][3] 
           4[4][4] [4][6] [4][7] [4][8] [4][9] [7][1] [7][3] [7][4] [7][6] [7][7] 
           5[7][8] [7][9] [9][1] [9][3] [9][4] [9][6] [9][7] [9][8] [9][9] 
     
    ---------------------------------------------------
    message = 0123479/1346789各40下注：0123479/1346789各40
    ------------------------------------------------
    regularStr = 12869后排1
        Sscbean id=68 下注数据
    count 1 locla=[[4][5]]
           1[1][2] [1][8] [1][6] [1][9] [2][1] [2][8] [2][6] [2][9] [8][1] [8][2] 
           2[8][6] [8][9] [6][1] [6][2] [6][8] [6][9] [9][1] [9][2] [9][8] [9][6] 
     
    ---------------------------------------------------
    message = 12869后排1下注：12869后排1
    ------------------------------------------------
    regularStr = 15869---2前2
        Sscbean id=69 下注数据
    count 2 locla=[[1][2]]
           1[1][2] [5][2] [8][2] [6][2] [9][2] 
     
    ---------------------------------------------------
    message = 15869---2前2下注：15869---2前2
    ------------------------------------------------
    regularStr = 12348前排1
        Sscbean id=70 下注数据
    count 1 locla=[[1][2]]
           1[1][2] [1][3] [1][4] [1][8] [2][1] [2][3] [2][4] [2][8] [3][1] [3][2] 
           2[3][4] [3][8] [4][1] [4][2] [4][3] [4][8] [8][1] [8][2] [8][3] [8][4] 
     
    ---------------------------------------------------
    message = 12348前排1下注：12348前排1
    ------------------------------------------------
    regularStr = 12345689排5前
        Sscbean id=71 下注数据
    count 5 locla=[[1][2]]
           1[1][2] [1][3] [1][4] [1][5] [1][6] [1][8] [1][9] [2][1] [2][3] [2][4] 
           2[2][5] [2][6] [2][8] [2][9] [3][1] [3][2] [3][4] [3][5] [3][6] [3][8] 
           3[3][9] [4][1] [4][2] [4][3] [4][5] [4][6] [4][8] [4][9] [5][1] [5][2] 
           4[5][3] [5][4] [5][6] [5][8] [5][9] [6][1] [6][2] [6][3] [6][4] [6][5] 
           5[6][8] [6][9] [8][1] [8][2] [8][3] [8][4] [8][5] [8][6] [8][9] [9][1] 
           6[9][2] [9][3] [9][4] [9][5] [9][6] [9][8] 
     
    ---------------------------------------------------
    message = 12345689排5前下注：12345689排5前
    ------------------------------------------------
    regularStr = 89排28前
        Sscbean id=72 下注数据
    count 28 locla=[[1][2]]
           1[8][9] [9][8] 
     
    ---------------------------------------------------
    message = 89排28前下注：89排28前
    ------------------------------------------------
    regularStr = 57排29前后
        Sscbean id=73 下注数据
    count 29 locla=[[1][2][4][5]]
           1[5][7] [7][5] 
     
    ---------------------------------------------------
    message = 57排29前后下注：57排29前后
    ------------------------------------------------
    regularStr = 8-0/158前
        Sscbean id=74 下注数据
    count 158 locla=[[1][2]]
           1[8][0] 
     
    ---------------------------------------------------
    message = 8-0/158前下注：8-0/158前
    ------------------------------------------------
    regularStr = 01245679排20后
        Sscbean id=75 下注数据
    count 20 locla=[[4][5]]
           1[0][1] [0][2] [0][4] [0][5] [0][6] [0][7] [0][9] [1][0] [1][2] [1][4] 
           2[1][5] [1][6] [1][7] [1][9] [2][0] [2][1] [2][4] [2][5] [2][6] [2][7] 
           3[2][9] [4][0] [4][1] [4][2] [4][5] [4][6] [4][7] [4][9] [5][0] [5][1] 
           4[5][2] [5][4] [5][6] [5][7] [5][9] [6][0] [6][1] [6][2] [6][4] [6][5] 
           5[6][7] [6][9] [7][0] [7][1] [7][2] [7][4] [7][5] [7][6] [7][9] [9][0] 
           6[9][1] [9][2] [9][4] [9][5] [9][6] [9][7] 
     
    ---------------------------------------------------
    message = 01245679排20后下注：01245679排20后
    ------------------------------------------------
D: match str6
    regularStr = 3一5
    3一5
    3一5
    3一5
    3一5
    5一3后25
    3一5
    3一5
    3一5
    3一5
    3一5
    3一5
    3一5
    5一3后25
        Sscbean id=76 下注数据
    count 25 locla=[[4][5]]
           1[3][5] 
     count 25 locla=[[4][5]]
           1[3][5] 
     count 25 locla=[[4][5]]
           1[3][5] 
     count 25 locla=[[4][5]]
           1[3][5] 
     count 25 locla=[[4][5]]
           1[3][5] 
     count 25 locla=[[4][5]]
           1[5][3] 
     count 25 locla=[[4][5]]
           1[3][5] 
     count 25 locla=[[4][5]]
           1[3][5] 
     count 25 locla=[[4][5]]
           1[3][5] 
     count 25 locla=[[4][5]]
           1[3][5] 
     count 25 locla=[[4][5]]
           1[3][5] 
     count 25 locla=[[4][5]]
           1[3][5] 
     count 25 locla=[[4][5]]
           1[3][5] 
     count 25 locla=[[4][5]]
           1[5][3] 
     
    ---------------------------------------------------
    message = 3一5
    3一5
    3一5
    3一5
    3一5
    5一3后25
    3一5
    3一5
    3一5
    3一5
    3一5
    3一5
    3一5
    5一3后25
    下注：3一5
    3一5
    3一5
    3一5
    3一5
    5一3后25
    3一5
    3一5
    3一5
    3一5
    3一5
    3一5
    3一5
    5一3后25
    
    ------------------------------------------------
    regularStr = 3一5
    3一5
    3一5
    3一5
    3一5
    5一3后25
    3一5
    3一5
    3一5
    3一5
    3一5
    3一5
    3一5
    5一3后25
    3一5
    3一5
    3一5
    格式不对
    ---------------------------------------------------
    message = 3一5
    3一5
    3一5
    3一5
    3一5
    5一3后25
    3一5
    3一5
    3一5
    3一5
    3一5
    3一5
    3一5
    5一3后25
    3一5
    3一5
    3一5
    下注：3一5
    3一5
    3一5
    3一5
    3一5
    5一3后25
    3一5
    3一5
    3一5
    3一5
    3一5
    3一5
    3一5
    5一3后25
    3一5
    3一5
    3一5
    
    ------------------------------------------------
    regularStr = 3一5
    5一3后25
        Sscbean id=78 下注数据
    count 25 locla=[[4][5]]
           1[3][5] 
     count 25 locla=[[4][5]]
           1[5][3] 
     
    ---------------------------------------------------
    message = 3一5
    5一3后25下注：3一5
    5一3后25
    ------------------------------------------------
    regularStr = 4-1/10。 4-4/10全后
    格式不对
    ---------------------------------------------------
    message = 4-1/10。 4-4/10全后下注：4-1/10。 4-4/10全后
    ------------------------------------------------
    regularStr = 0517234+0516974各1，217+167各3后
        Sscbean id=80 下注数据
    count 1 locla=[[4][5]]
           1[0][0] [0][5] [0][1] [0][6] [0][9] [0][7] [0][4] [5][0] [5][5] [5][1] 
           2[5][6] [5][9] [5][7] [5][4] [1][0] [1][5] [1][1] [1][6] [1][9] [1][7] 
           3[1][4] [7][0] [7][5] [7][1] [7][6] [7][9] [7][7] [7][4] [2][0] [2][5] 
           4[2][1] [2][6] [2][9] [2][7] [2][4] [3][0] [3][5] [3][1] [3][6] [3][9] 
           5[3][7] [3][4] [4][0] [4][5] [4][1] [4][6] [4][9] [4][7] [4][4] 
     count 3 locla=[[4][5]]
           1[2][1] [2][6] [2][7] [1][1] [1][6] [1][7] [7][1] [7][6] [7][7] 
     
    ---------------------------------------------------
    message = 0517234+0516974各1，217+167各3后下注：0517234+0516974各1，217+167各3后
    ------------------------------------------------
    regularStr = 2345-234各2，123-34569不4
        Sscbean id=81 下注数据
    count 2 locla=[[4][5]]
           1[2][2] [2][3] [2][4] [3][2] [3][3] [3][4] [4][2] [4][3] [4][4] [5][2] 
           2[5][3] [5][4] 
     count 4 locla=[[4][5]]
           1[1][3] [1][4] [1][5] [1][6] [1][9] [2][3] [2][4] [2][5] [2][6] [2][9] 
           2[3][4] [3][5] [3][6] [3][9] 
     
    ---------------------------------------------------
    message = 2345-234各2，123-34569不4下注：2345-234各2，123-34569不4
    ------------------------------------------------
    regularStr = 0517234+0516974各1，217+167各3后
        Sscbean id=82 下注数据
    count 1 locla=[[4][5]]
           1[0][0] [0][5] [0][1] [0][6] [0][9] [0][7] [0][4] [5][0] [5][5] [5][1] 
           2[5][6] [5][9] [5][7] [5][4] [1][0] [1][5] [1][1] [1][6] [1][9] [1][7] 
           3[1][4] [7][0] [7][5] [7][1] [7][6] [7][9] [7][7] [7][4] [2][0] [2][5] 
           4[2][1] [2][6] [2][9] [2][7] [2][4] [3][0] [3][5] [3][1] [3][6] [3][9] 
           5[3][7] [3][4] [4][0] [4][5] [4][1] [4][6] [4][9] [4][7] [4][4] 
     count 3 locla=[[4][5]]
           1[2][1] [2][6] [2][7] [1][1] [1][6] [1][7] [7][1] [7][6] [7][7] 
     
    ---------------------------------------------------
    message = 0517234+0516974各1，217+167各3后下注：0517234+0516974各1，217+167各3后
    ------------------------------------------------
    regularStr = 后 12345689排3。 前后 13 31 各5。
        Sscbean id=83 下注数据
    count 3 locla=[[4][5]]
           1[1][2] [1][3] [1][4] [1][5] [1][6] [1][8] [1][9] [2][1] [2][3] [2][4] 
           2[2][5] [2][6] [2][8] [2][9] [3][1] [3][2] [3][4] [3][5] [3][6] [3][8] 
           3[3][9] [4][1] [4][2] [4][3] [4][5] [4][6] [4][8] [4][9] [5][1] [5][2] 
           4[5][3] [5][4] [5][6] [5][8] [5][9] [6][1] [6][2] [6][3] [6][4] [6][5] 
           5[6][8] [6][9] [8][1] [8][2] [8][3] [8][4] [8][5] [8][6] [8][9] [9][1] 
           6[9][2] [9][3] [9][4] [9][5] [9][6] [9][8] 
     count 5 locla=[[1][2][4][5]]
           1[1][3] [3][1] [1][3] [1][1] [3][3] [3][1] 
     
    ---------------------------------------------------
    message = 后 12345689排3。 前后 13 31 各5。下注：后 12345689排3。 前后 13 31 各5。
    ------------------------------------------------
    regularStr = 小小前后2，小小前后排2
        Sscbean id=84 下注数据
    count 2 locla=[[1][2][4][5]]
           1[0][0] [0][1] [0][2] [0][3] [0][4] [1][0] [1][1] [1][2] [1][3] [1][4] 
           2[2][0] [2][1] [2][2] [2][3] [2][4] [3][0] [3][1] [3][2] [3][3] [3][4] 
           3[4][0] [4][1] [4][2] [4][3] [4][4] 
     count 2 locla=[[1][2][4][5]]
           1[0][1] [0][2] [0][3] [0][4] [1][0] [1][2] [1][3] [1][4] [2][0] [2][1] 
           2[2][3] [2][4] [3][0] [3][1] [3][2] [3][4] [4][0] [4][1] [4][2] [4][3] 
     
    ---------------------------------------------------
    message = 小小前后2，小小前后排2下注：小小前后2，小小前后排2
    ------------------------------------------------
    regularStr = 12468一03579一2
    03579一12468一2
        Sscbean id=85 下注数据
    count 2 locla=[[4][5]]
           1[1][0] [1][3] [1][5] [1][7] [1][9] [2][0] [2][3] [2][5] [2][7] [2][9] 
           2[4][0] [4][3] [4][5] [4][7] [4][9] [6][0] [6][3] [6][5] [6][7] [6][9] 
           3[8][0] [8][3] [8][5] [8][7] [8][9] 
     count 2 locla=[[4][5]]
           1[0][1] [0][2] [0][4] [0][6] [0][8] [3][1] [3][2] [3][4] [3][6] [3][8] 
           2[5][1] [5][2] [5][4] [5][6] [5][8] [7][1] [7][2] [7][4] [7][6] [7][8] 
           3[9][1] [9][2] [9][4] [9][6] [9][8] 
     
D: ---------------------------------------------------
    message = 12468一03579一2
    03579一12468一2下注：12468一03579一2
    03579一12468一2
    ------------------------------------------------
    regularStr = 小小前后2
        Sscbean id=86 下注数据
    count 2 locla=[[1][2][4][5]]
           1[0][0] [0][1] [0][2] [0][3] [0][4] [1][0] [1][1] [1][2] [1][3] [1][4] 
           2[2][0] [2][1] [2][2] [2][3] [2][4] [3][0] [3][1] [3][2] [3][3] [3][4] 
           3[4][0] [4][1] [4][2] [4][3] [4][4] 
     
    ---------------------------------------------------
    message = 小小前后2下注：小小前后2
    ------------------------------------------------
    regularStr = 大大前后排2
        Sscbean id=87 下注数据
    count 2 locla=[[1][2][4][5]]
           1[5][6] [5][7] [5][8] [5][9] [6][5] [6][7] [6][8] [6][9] [7][5] [7][6] 
           2[7][8] [7][9] [8][5] [8][6] [8][7] [8][9] [9][5] [9][6] [9][7] [9][8] 
     
    ---------------------------------------------------
    message = 大大前后排2下注：大大前后排2
    ------------------------------------------------
    regularStr = 小大前后排2
        Sscbean id=88 下注数据
    count 2 locla=[[1][2][4][5]]
           1[0][5] [0][6] [0][7] [0][8] [0][9] [1][5] [1][6] [1][7] [1][8] [1][9] 
           2[2][5] [2][6] [2][7] [2][8] [2][9] [3][5] [3][6] [3][7] [3][8] [3][9] 
           3[4][5] [4][6] [4][7] [4][8] [4][9] 
     
    ---------------------------------------------------
    message = 小大前后排2下注：小大前后排2
    ------------------------------------------------
    regularStr = 大小前后排2
        Sscbean id=89 下注数据
    count 2 locla=[[1][2][4][5]]
           1[5][0] [5][1] [5][2] [5][3] [5][4] [6][0] [6][1] [6][2] [6][3] [6][4] 
           2[7][0] [7][1] [7][2] [7][3] [7][4] [8][0] [8][1] [8][2] [8][3] [8][4] 
           3[9][0] [9][1] [9][2] [9][3] [9][4] 
     
    ---------------------------------------------------
    message = 大小前后排2下注：大小前后排2
    ------------------------------------------------
    regularStr = 单单前后排2
        Sscbean id=90 下注数据
    count 2 locla=[[1][2][4][5]]
           1[1][3] [1][5] [1][7] [1][9] [3][1] [3][5] [3][7] [3][9] [5][1] [5][3] 
           2[5][7] [5][9] [7][1] [7][3] [7][5] [7][9] [9][1] [9][3] [9][5] [9][7] 
     
    ---------------------------------------------------
    message = 单单前后排2下注：单单前后排2
    ------------------------------------------------
    regularStr = 双双前后排2
        Sscbean id=91 下注数据
    count 2 locla=[[1][2][4][5]]
           1[0][2] [0][4] [0][6] [0][8] [2][0] [2][4] [2][6] [2][8] [4][0] [4][2] 
           2[4][6] [4][8] [6][0] [6][2] [6][4] [6][8] [8][0] [8][2] [8][4] [8][6] 
     
    ---------------------------------------------------
    message = 双双前后排2下注：双双前后排2
    ------------------------------------------------
    regularStr = 双单前后排2
        Sscbean id=92 下注数据
    count 2 locla=[[1][2][4][5]]
           1[0][1] [0][3] [0][5] [0][7] [0][9] [2][1] [2][3] [2][5] [2][7] [2][9] 
           2[4][1] [4][3] [4][5] [4][7] [4][9] [6][1] [6][3] [6][5] [6][7] [6][9] 
           3[8][1] [8][3] [8][5] [8][7] [8][9] 
     
    ---------------------------------------------------
    message = 双单前后排2下注：双单前后排2
    ------------------------------------------------
    regularStr = 单双前后排2
        Sscbean id=93 下注数据
    count 2 locla=[[1][2][4][5]]
           1[1][0] [1][2] [1][4] [1][6] [1][8] [3][0] [3][2] [3][4] [3][6] [3][8] 
           2[5][0] [5][2] [5][4] [5][6] [5][8] [7][0] [7][2] [7][4] [7][6] [7][8] 
           3[9][0] [9][2] [9][4] [9][6] [9][8] 
     
    ---------------------------------------------------
    message = 单双前后排2下注：单双前后排2
    ------------------------------------------------
    regularStr = 单大前后排2
        Sscbean id=94 下注数据
    count 2 locla=[[1][2][4][5]]
           1[1][5] [1][6] [1][7] [1][8] [1][9] [3][5] [3][6] [3][7] [3][8] [3][9] 
           2[5][6] [5][7] [5][8] [5][9] [7][5] [7][6] [7][8] [7][9] [9][5] [9][6] 
           3[9][7] [9][8] 
     
    ---------------------------------------------------
    message = 单大前后排2下注：单大前后排2
    ------------------------------------------------
    regularStr = 大单前后排2
        Sscbean id=95 下注数据
    count 2 locla=[[1][2][4][5]]
           1[5][1] [5][3] [5][7] [5][9] [6][1] [6][3] [6][5] [6][7] [6][9] [7][1] 
           2[7][3] [7][5] [7][9] [8][1] [8][3] [8][5] [8][7] [8][9] [9][1] [9][3] 
           3[9][5] [9][7] 
     
    ---------------------------------------------------
    message = 大单前后排2下注：大单前后排2
    ------------------------------------------------
    regularStr = 双1234前后排2
        Sscbean id=96 下注数据
    count 2 locla=[[1][2][4][5]]
           1[0][1] [0][2] [0][3] [0][4] [2][1] [2][3] [2][4] [4][1] [4][2] [4][3] 
           2[6][1] [6][2] [6][3] [6][4] [8][1] [8][2] [8][3] [8][4] 
     
    ---------------------------------------------------
    message = 双1234前后排2下注：双1234前后排2
    ------------------------------------------------
    regularStr = 1234双前后排2
        Sscbean id=97 下注数据
    count 2 locla=[[1][2][4][5]]
           1[1][0] [1][2] [1][4] [1][6] [1][8] [2][0] [2][4] [2][6] [2][8] [3][0] 
           2[3][2] [3][4] [3][6] [3][8] [4][0] [4][2] [4][6] [4][8] 
     
    ---------------------------------------------------
    message = 1234双前后排2下注：1234双前后排2
    ------------------------------------------------
    regularStr = 单全前后排2
        Sscbean id=98 下注数据
    count 2 locla=[[1][2][4][5]]
           1[1][0] [1][2] [1][3] [1][4] [1][5] [1][6] [1][7] [1][8] [1][9] [3][0] 
           2[3][1] [3][2] [3][4] [3][5] [3][6] [3][7] [3][8] [3][9] [5][0] [5][1] 
           3[5][2] [5][3] [5][4] [5][6] [5][7] [5][8] [5][9] [7][0] [7][1] [7][2] 
           4[7][3] [7][4] [7][5] [7][6] [7][8] [7][9] [9][0] [9][1] [9][2] [9][3] 
           5[9][4] [9][5] [9][6] [9][7] [9][8] 
     
    ---------------------------------------------------
    message = 单全前后排2下注：单全前后排2
    ------------------------------------------------
    regularStr = 01 02 12 11 47 17 10 10 15 17 00 23 24 25 65各30
        Sscbean id=99 下注数据
    count 30 locla=[[4][5]]
           1[0][1] [0][2] [1][2] [1][1] [4][7] [1][7] [1][0] [1][0] [1][5] [1][7] 
           2[0][0] [2][3] [2][4] [2][5] [6][5] [0][0] [0][2] [1][0] [1][2] 
     
    ---------------------------------------------------
    message = 01 02 12 11 47 17 10 10 15 17 00 23 24 25 65各30下注：01 02 12 11 47 17 10 10 15 17 00 23 24 25 65各30
    ------------------------------------------------
    regularStr = 前后33 33 13 31 77 各5，
        Sscbean id=100 下注数据
    count 5 locla=[[1][2][4][5]]
           1[3][3] [3][3] [1][3] [3][1] [7][7] [3][3] [3][3] [3][3] [3][3] 
     
    ---------------------------------------------------
    message = 前后33 33 13 31 77 各5，下注：前后33 33 13 31 77 各5，
    ------------------------------------------------
    regularStr = 前01 04 31 34 41 44 14 11各25
        Sscbean id=101 下注数据
    count 25 locla=[[1][2]]
           1[0][1] [0][4] [3][1] [3][4] [4][1] [4][4] [1][4] [1][1] [0][0] [0][4] 
           2[1][0] [1][4] 
     
    ---------------------------------------------------
    message = 前01 04 31 34 41 44 14 11各25下注：前01 04 31 34 41 44 14 11各25
    ------------------------------------------------
    regularStr = 47 74 27 72 23各30
        Sscbean id=102 下注数据
    count 30 locla=[[4][5]]
           1[4][7] [7][4] [2][7] [7][2] [2][3] [4][7] [4][4] [7][7] [7][4] 
     
    ---------------------------------------------------
    message = 47 74 27 72 23各30下注：47 74 27 72 23各30
    ------------------------------------------------
    regularStr = 前01 04 31 34 41 44 14 11各25
D:     Sscbean id=103 下注数据
    count 25 locla=[[1][2]]
           1[0][1] [0][4] [3][1] [3][4] [4][1] [4][4] [1][4] [1][1] [0][0] [0][4] 
           2[1][0] [1][4] 
     
    ---------------------------------------------------
    message = 前01 04 31 34 41 44 14 11各25下注：前01 04 31 34 41 44 14 11各25
    ------------------------------------------------
    regularStr = 后 12345689排3。前后 14 41 各10。 前后 13 31 各5。
        Sscbean id=104 下注数据
    count 3 locla=[[4][5]]
           1[1][2] [1][3] [1][4] [1][5] [1][6] [1][8] [1][9] [2][1] [2][3] [2][4] 
           2[2][5] [2][6] [2][8] [2][9] [3][1] [3][2] [3][4] [3][5] [3][6] [3][8] 
           3[3][9] [4][1] [4][2] [4][3] [4][5] [4][6] [4][8] [4][9] [5][1] [5][2] 
           4[5][3] [5][4] [5][6] [5][8] [5][9] [6][1] [6][2] [6][3] [6][4] [6][5] 
           5[6][8] [6][9] [8][1] [8][2] [8][3] [8][4] [8][5] [8][6] [8][9] [9][1] 
           6[9][2] [9][3] [9][4] [9][5] [9][6] [9][8] 
     count 10 locla=[[1][2][4][5]]
           1[1][4] [4][1] [1][4] [1][1] [4][4] [4][1] 
     count 5 locla=[[1][2][4][5]]
           1[1][3] [3][1] [1][3] [1][1] [3][3] [3][1] 
     
    ---------------------------------------------------
    message = 后 12345689排3。前后 14 41 各10。 前后 13 31 各5。下注：后 12345689排3。前后 14 41 各10。 前后 13 31 各5。
    ------------------------------------------------
    regularStr = 47 74 27 72 23各30
        Sscbean id=105 下注数据
    count 30 locla=[[4][5]]
           1[4][7] [7][4] [2][7] [7][2] [2][3] [4][7] [4][4] [7][7] [7][4] 
     
    ---------------------------------------------------
    message = 47 74 27 72 23各30下注：47 74 27 72 23各30
    ------------------------------------------------
    regularStr = 4-1/10。 4-4/10全后
    0517234+0516974各1，217+167各3后
    2345-234各2，123-34569不4
    0517234+0516974各1，217+167各3后
    格式不对
    ---------------------------------------------------
    message = 4-1/10。 4-4/10全后
    0517234+0516974各1，217+167各3后
    2345-234各2，123-34569不4
    0517234+0516974各1，217+167各3后下注：4-1/10。 4-4/10全后
    0517234+0516974各1，217+167各3后
    2345-234各2，123-34569不4
    0517234+0516974各1，217+167各3后
    ------------------------------------------------
    regularStr = 23各90
        Sscbean id=107 下注数据
    count 90 locla=[[4][5]]
           1[2][2] [2][3] [3][2] [3][3] 
     
    ---------------------------------------------------
    message = 23各90下注：23各90
    ------------------------------------------------
    regularStr = 23/90
        Sscbean id=108 下注数据
    count 90 locla=[[4][5]]
           1[2][2] [2][3] [3][2] [3][3] 
     
    ---------------------------------------------------
    message = 23/90下注：23/90
    ------------------------------------------------
    regularStr = 10 23各10
        Sscbean id=109 下注数据
    count 10 locla=[[4][5]]
           1[1][0] [2][3] [1][2] [1][3] [0][2] [0][3] 
     
    ---------------------------------------------------
    message = 10 23各10下注：10 23各10
    ------------------------------------------------
    regularStr = 10 23千百各10
        Sscbean id=110 下注数据
    count 10 locla=[[2][3]]
           1[1][0] [2][3] [1][2] [1][3] [0][2] [0][3] 
     
    ---------------------------------------------------
    message = 10 23千百各10下注：10 23千百各10
    ------------------------------------------------
    regularStr = 89排28千百
        Sscbean id=111 下注数据
    count 28 locla=[[2][3]]
           1[8][9] [9][8] 
     
    ---------------------------------------------------
    message = 89排28千百下注：89排28千百
    ------------------------------------------------
